82
3761
4441
2727
69
2117
2906
2621
1153
2712
2920
4146
4810
4757
2399
2362
2014
3504
4025
3595
2392
811
535
2095
749
491
3620
5
3855
372
4517
4247
1891
3755
2511
1959
2443
3707
4111
2384
1686
1522
3895
4769
2076
1335
4700
448
2854
539
2914
637
1162
1464
903
3104
4190
2132
889
1182
2524
1899
3854
4368
4446
680
4764
3213
606
4554
1136
4715
293
921
1517
1579
3651
2821
4966
420
3423
2415
3095
2327
3286
1068
2163
3608
1985
2809
1761
3966
4675
2560
2163
3533
2983
1522
1144
338
4433
1051
2632
35
2229
2553
4348
1366
1894
2534
4087
1499
1329
2267
2149
1022
188
4846
2596
1508
2920
4696
225
4812
605
2110
3498
4942
2734
184
3067
2829
4540
163
2203
3517
283
3935
1212
2769
4751
111
2301
4889
3064
1305
2558
3080
3154
3875
4932
1509
2729
3855
2363
2168
3795
3776
3803
1298
4908
130
842
1334
2718
1097
4992
200
4146
3061
4397
2411
3792
372
2422
518
3550
1591
2542
3963
2939
120
4934
3164
2614
4385
1929
4134
1090
3862
1148
1961
534
4546
1055
3515
1582
1775
4822
4291
3967
4403
4689
4877
1142
1760
973
2518
142
4346
392
2597
4163
2925
2629
262
2017
972
3188
2161
2516
4362
426
2432
3180
2885
1767
778
1636
4758
1071
3469
1630
132
1810
1058
985
4167
721
991
2793
2961
3252
2507
1951
807
4490
1976
4043
3947
514
3608
4849
1234
1177
3926
2175
1898
466
2068
3113
2875
2005
3324
524
1735
4047
311
1206
4141
3039
2713
4179
2833
2533
2735
2283
3273
22
3298
3442
1007
4979
326
4696
4282
4800
2577
2613
4968
806
2163
1230
4572
473
194
1559
4521
4572
116
3440
4087
205
3723
352
3840
4870
3036
4554
1792
3702
1785
1856
2708
3940
481
1384
2961
499
4303
2625
2546
4169
1998
3565
3492
3161
238
2907
3051
2783
69
4881
1009
2023
477
4207
2883
3352
1464
3194
3027
4593
3756
2310
3364
2848
2037
1901
236
2905
4526
4379
1530
1667
326
1282
1736
3698
3801
2133
2022
1137
2976
468
3643
2713
4672
3438
450
247
4950
3414
3199
1063
3630
2766
979
3327
3671
3043
1810
2461
1916
3417
3936
3526
4398
4835
1871
3767
1110
1435
4661
4878
3800
1986
2624
161
484
3712
3511
4757
1097
1863
869
228
2232
3134
4822
645
3328
3171
1395
2358
2947
2769
486
1992
3219
2090
3496
1026
4964
4251
1466
2002
2847
4466
2912
4898
4937
2406
3886
285
3010
4215
2663
616
1602
3486
2998
4878
830
4412
2990
23
4499
2397
812
2999
1457
103
1139
1259
4344
3900
81
214
4958
559
1006
2220
196
379
3861
2102
3032
4032
3751
2515
1552
2607
1931
2316
2105
1210
4443
4156
2627
2541
4816
4133
4017
1782
3083
4976
3705
624
1424
65
354
1359
772
1580
4731
3893
1184